area001:0,0
area002:-459493.9313,-4406007.58185
area003:-457809.19974,-4404459.57825